Inicializando GA
GA: 0
100100101110000100111000100 (0.73385518590998, 2.5929549902152633, 3.8454011741682965) 36.0
110001100101010110010000111 (2.7495107632093934, 1.6927592954990214, -2.3581213307240705) 36.07573333867977
011100011101000111001000011 (-0.5577299412915853, 1.3992172211350287, -3.6888454011741683) 43.03779081818469
100101001101101110010110011 (0.812133072407045, 2.162426614481409, -1.4970645792563602) 47.6670137870842
000000110001100101100101101 (-4.882583170254403, -3.0234833659491196, 0.8904109589041092) 61.2180668572945
001010101010010100010100001 (-3.336594911937378, -2.1037181996086107, -1.849315068493151) 62.08315159615007
011110111011111101010000011 (-0.16634050880626283, -0.04892367906066575, -2.436399217221135) 71.4870870740557
000011000100110010010010011 (-4.5303326810176126, 0.9882583170254398, -2.1232876712328768) 88.06275916483585
000001111101110010100110100 (-4.706457925636008, 2.240704500978473, 1.0273972602739718) 108.25
000010001011010010000101101 (-4.667318982387475, -0.89041095890411, -4.119373776908024) 112.59767363763646
GA: 1
110000101110000100111000111 (2.61252446183953, 2.5929549902152633, 3.904109589041095) 20.00000000000003
100111010100110010010110011 (1.144814090019569, 0.9882583170254398, -1.4970645792563602) 45.088008936032104
110001000100010110010001101 (2.6712328767123283, 0.4403131115459882, -2.240704500978474) 52.95190765781656
001000101010010100011000011 (-3.649706457925636, -2.1037181996086107, -1.1839530332681019) 54.285540595300695
011110111111111101010000011 (-0.16634050880626283, 4.960861056751467, -2.436399217221135) 58.0
110101100101010110010000100 (3.37573385518591, 1.6927592954990214, -2.416829745596869) 61.99925142244416
000111000101111010010010011 (-3.904109589041096, 2.397260273972602, -2.1232876712328768) 63.715757740923216
000001001101101111010010111 (-4.823874755381604, 2.1819960861056744, -2.045009784735812) 89.41110480755586
100101001000101110010110011 (0.812133072407045, -4.099804305283757, -1.4970645792563602) 100.1670724559697
010010101100110010011010011 (-2.0841487279843447, 0.9882583170254398, -0.8708414872798436) 103.70501025513772
GA: 2
110000110100100010101100101 (2.6320939334637963, 0.6751467710371815, 1.9863013698630132) 18.000000017520623
110000001110000100110000011 (2.5342465753424657, 2.5929549902152633, 2.5733855185909977) 40.0
101111001110000101010110000 (2.3776908023483365, 2.61252446183953, -1.5557729941291587) 42.073260511879894
111110101111111111011000111 (4.804305283757339, 5.0, -1.1056751467710373) 52.000958456369865
100110111010000100011110011 (1.0861056751467704, -2.416829745596869, -0.24461839530332696) 55.96251209101931
101010001100111000010100011 (1.5949119373776908, 1.1056751467710368, -1.8101761252446185) 57.254318725933786
000001001100100100010010111 (-4.823874755381604, 0.7142857142857135, -2.045009784735812) 62.08778379915514
001111000010011100011000001 (-2.6516634050880628, -1.9471624266144816, -1.2230919765166344) 62.15418093899293
001001010110110110000000011 (-3.5518590998043056, 3.571428571428571, -4.9412915851272015) 84.28883740530978
011001101010010111010000011 (-0.9882583170254406, -2.045009784735812, -2.436399217221135) 112.67163256651037
GA: 3
101111000110111100011010000 (2.35812133072407, 3.6888454011741683, -0.9295499021526421) 27.391915558495015
111110101111100101010110000 (4.804305283757339, 4.4911937377690805, -1.5557729941291587) 35.0
101111010110011111011000110 (2.397260273972602, 3.12133072407045, -1.1252446183953033) 53.00526572085448
010111101110100100110000010 (-1.301369863013699, 3.21917808219178, 2.5538160469667313) 60.0
011001000100011100011000001 (-1.0861056751467713, 0.5577299412915853, -1.2230919765166344) 65.2648372225301
101100001010000101010101001 (1.908023483365949, -2.397260273972603, -1.6927592954990218) 78.9705032825807
000001001111100100010010110 (-4.823874755381604, 4.471624266144813, -2.064579256360078) 81.13843864927205
110100000110000101001110001 (3.140900195694716, 2.61252446183953, -2.788649706457926) 84.26432883957884
001100000010000000011000001 (-3.12133072407045, -2.4951076320939336, -1.2230919765166344) 89.03699596678592
110000011110011100100000011 (2.5733855185909977, 3.0626223091976517, 0.06849315068493134) 95.0
GA: 4
110100001110111100011100001 (3.1604696673189814, 3.6888454011741683, -0.5968688845401173) 37.00243901706765
011110101111100101010110001 (-0.2054794520547949, 4.4911937377690805, -1.5362035225048927) 49.22887178562731
011001000110011100011000001 (-1.0861056751467713, 3.0626223091976517, -1.2230919765166344) 55.88057299572229
111111010100101111011000110 (4.9021526418786685, 0.9295499021526412, -1.1252446183953033) 70.0
101111000110101000011000000 (2.35812133072407, 3.297455968688844, -1.2426614481409004) 70.0071201871915
101111010100010100010000010 (2.397260273972602, 0.4011741682974552, -2.4559686888454015) 70.31372612956427
001101000010100000011010001 (-2.964774951076321, -1.868884540117417, -0.9099804305283756) 74.70925603435855
011111010110001101001010000 (-0.10763209393346429, 2.769080234833659, -3.4344422700587085) 81.73212345719072
011000000110011111011000100 (-1.2426614481409004, 3.12133072407045, -1.1643835616438358) 81.99652013216163
111101000000011100010000000 (4.549902152641877, -4.4520547945205475, -2.4951076320939336) 134.08774900700075
GA: 5
101100101110111100111000001 (1.9863013698630132, 3.6888454011741683, 3.786692759295498) 13.0
110111000110101000011000101 (3.610567514677104, 3.297455968688844, -1.1448140900195698) 45.2480265527509
010110111011100000011000001 (-1.4187866927592956, -0.6164383561643838, -1.2230919765166344) 46.579568333580696
110100001110111100010100000 (3.1604696673189814, 3.6888454011741683, -1.868884540117417) 47.01065944724258
101111001100011111111000100 (2.3776908023483365, 0.6164383561643829, 3.8454011741682965) 49.0
111010000111101001011000100 (4.080234833659491, 4.569471624266145, -1.1643835616438358) 53.0
101101100110101000011000001 (2.1232876712328768, 3.297455968688844, -1.2230919765166344) 58.0
111011000100001011011000110 (4.236790606653621, 0.2250489236790605, -1.1252446183953033) 63.18827556677104
001101000010100101000100001 (-2.964774951076321, -1.7710371819960864, -4.354207436399217) 77.76578440115739
101100001000101100011010010 (1.908023483365949, -4.138943248532289, -0.89041095890411) 86.98251824729333
GA: 6
101101101111111101111000001 (2.1428571428571423, 4.960861056751467, 3.786692759295498) 21.147209578838925
101101101110111110111000001 (2.1428571428571423, 3.7279843444226994, 3.786692759295498) 23.0
101100101111111100101000001 (1.9863013698630132, 4.9412915851272015, 1.2818003913894325) 25.0
101110111011111100111001001 (2.3385518590998036, -0.06849315068493134, 3.943248532289628) 37.0
101101101110101100111000101 (2.1428571428571423, 3.37573385518591, 3.864970645792564) 47.0
101101110110101000010000001 (2.162426614481409, 3.297455968688844, -2.4755381604696676) 48.46421574417477
010100100110100000011000001 (-1.7906066536203524, 3.140900195694716, -1.2230919765166344) 55.189785098711745
111111000111001000011000101 (4.863013698630137, 3.9236790606653607, -1.1448140900195698) 59.003324416968525
010110111011100100011000111 (-1.4187866927592956, -0.5381604696673197, -1.1056751467710373) 65.53668743704219
110111000110101000001000001 (3.610567514677104, 3.297455968688844, -3.7279843444227008) 76.08070994907459
GA: 7
101111111111111101111001001 (2.4951076320939327, 4.960861056751467, 3.943248532289628) 15.002192904110386
101100000111111100111001101 (1.8884540117416826, 4.9412915851272015, 4.021526418786692) 19.385754024343477
110111000111111100001001001 (3.610567514677104, 4.9412915851272015, -3.5714285714285716) 41.71940124150752
101111101010111100111000101 (2.4559686888454006, -1.320939334637965, 3.864970645792564) 45.0
100101110111100001111000001 (0.9099804305283756, 4.412915851272015, 3.786692759295498) 47.0
101110111011111100101000001 (2.3385518590998036, -0.06849315068493134, 1.2818003913894325) 51.00000000038797
101100101011111110111000001 (1.9863013698630132, -0.02935420743639927, 3.786692759295498) 59.0
110111001110111000001000001 (3.6301369863013697, 3.610567514677104, -3.7279843444227008) 67.57002160748058
101110111111111100110001001 (2.3385518590998036, 4.9412915851272015, 2.690802348336595) 69.0
101100100111011101101000011 (1.9667318982387467, 4.3346379647749504, 1.3209393346379645) 86.0
GA: 8
