Inicializando GA
GA: 0
101010101101001001111100110 (1.673189823874755, 1.4383561643835616, 4.510763209393346) 7.6355805078168935
100110011100101011000100011 (1.0078277886497062, 0.8512720156555771, -4.315068493150685) 9.206499553324024
010011111000010011000111101 (-1.888454011741683, -4.628180039138943, -3.8062622309197653) 9.699542302155299
011111101101111001111100100 (-0.04892367906066575, 2.3776908023483365, 4.471624266144813) 10.66559529139604
101111100111101100010000000 (2.436399217221135, 4.628180039138943, -2.4951076320939336) 11.663193324728713
101101000101010010010110100 (2.0450097847358117, 1.6144814090019564, -1.4774951076320941) 12.254887361010658
011111110100110111011101011 (-0.02935420743639927, 1.0861056751467704, -0.4011741682974561) 12.416193528120274
100110100101001101110100000 (1.0273972602739718, 1.5166340508806258, 3.140900195694716) 12.598357970922974
100000001011010100011111111 (0.02935420743639927, -0.851272015655578, -0.009784735812133682) 13.45778143867711
001100110110011011001101111 (-3.003913894324853, 3.0430528375733843, -2.827788649706458) 13.945843796458902
GA: 1
001010101101001001100100000 (-3.336594911937378, 1.4383561643835616, 0.6360078277886494) 9.400625287073849
100110100101000011000110001 (1.0273972602739718, 1.3209393346379645, -4.041095890410959) 9.815380557982442
101010101101001001111000100 (1.673189823874755, 1.4383561643835616, 3.8454011741682965) 10.241527239405983
110110111100101011000100010 (3.5909980430528368, 0.8512720156555771, -4.334637964774951) 10.723518267354816
100110110101001101100100001 (1.0665362035225048, 1.5166340508806258, 0.6555772994129159) 10.959652310438251
101111101100001001111100110 (2.4559686888454006, 0.18590998043052842, 4.510763209393346) 11.575482753185822
100110011100101011001100011 (1.0078277886497062, 0.8512720156555771, -3.0626223091976517) 11.697116843678044
100110010100111011010110011 (0.9882583170254398, 1.1643835616438354, -1.4970645792563602) 13.027764699520265
100110011100100101110100000 (1.0078277886497062, 0.73385518590998, 3.140900195694716) 13.218100261150814
101110110001001101111101111 (2.318982387475538, -3.493150684931507, 4.686888454011742) 15.571503771389423
GA: 2
100010101001001010100100100 (0.4207436399217217, -3.5518590998043056, 0.7142857142857135) 9.236519806652009
001010100101001101011000000 (-3.356164383561644, 1.5166340508806258, -1.2426614481409004) 10.823373886619427
100110110101001011000100001 (1.0665362035225048, 1.4774951076320937, -4.354207436399217) 11.368518904620544
001010101101000011000110110 (-3.336594911937378, 1.3209393346379645, -3.943248532289628) 11.51261018685567
100110110111001111100100001 (1.0665362035225048, 4.060665362035225, 0.6555772994129159) 11.967410843808215
100110110101001101100100001 (1.0665362035225048, 1.5166340508806258, 0.6555772994129159) 12.775789035340493
110010101101101011100100000 (2.925636007827788, 2.1037181996086103, 0.6360078277886494) 12.834590018392946
100110010101001101000100010 (0.9882583170254398, 1.5166340508806258, -4.334637964774951) 14.163383859156085
001010100101000001100101001 (-3.356164383561644, 1.2818003913894325, 0.812133072407045) 14.750074471623112
000110111101101100100100110 (-3.923679060665362, 2.1232876712328768, 0.7534246575342465) 15.781945566633468
GA: 3
110010111001001010100110000 (2.96477495107632, -3.5518590998043056, 0.9491193737769077) 9.464581400667711
000000101000000010100100110 (-4.902152641878669, -4.960861056751468, 0.7534246575342465) 9.467286811457473
100010101001001001100100000 (0.4207436399217217, -3.5714285714285716, 0.6360078277886494) 9.99246925437913
110010101101101100110100100 (2.925636007827788, 2.1232876712328768, 3.21917808219178) 11.14093364108603
100010111001101011110000000 (0.45988258317025377, -2.9060665362035225, 2.514677103718199) 11.541312152450415
110010110101000101010101001 (2.9452054794520546, 1.3600782778864966, -1.6927592954990218) 12.056199239460787
100000100101001101011100000 (0.08806262230919693, 1.5166340508806258, -0.6164383561643838) 13.31071614115297
000110110111000001100101001 (-3.943248532289628, 3.786692759295498, 0.812133072407045) 13.557034438353655
000010100101001111100100001 (-4.608610567514678, 1.5557729941291578, 0.6555772994129159) 14.36302361831502
001000100101001111100000001 (-3.6692759295499022, 1.5557729941291578, 0.02935420743639927) 14.612418719741434
GA: 4
000110101000000101000100100 (-3.9628180039138945, -4.902152641878669, -4.295499021526419) 7.871055893925442
100011110001000101010001001 (0.5968688845401173, -3.649706457925636, -2.3189823874755384) 9.396486333575305
001000100101001101000000001 (-3.6692759295499022, 1.5166340508806258, -4.9804305283757335) 9.555239247995557
101110101001001010000000000 (2.2994129158512715, -3.5518590998043056, -5.0) 9.94531749306425
010010110111000001000101001 (-2.064579256360078, 3.786692759295498, -4.197651663405088) 11.000963172886058
100010111001101011010100000 (0.45988258317025377, -2.9060665362035225, -1.868884540117417) 11.29742141068471
110110100111000001100100001 (3.532289628180038, 3.786692759295498, 0.6555772994129159) 11.531907314491917
100000100101001111111000000 (0.08806262230919693, 1.5557729941291578, 3.7671232876712324) 11.853472790165661
100100111001101011110000000 (0.7729941291585121, -2.9060665362035225, 2.514677103718199) 12.836387593035282
110010110101000000100001001 (2.9452054794520546, 1.262230919765166, 0.18590998043052842) 14.529218509249421
GA: 5
110001000101011011111000000 (2.6712328767123283, 1.790606653620352, 3.7671232876712324) 7.31973555292086
100000110001001111111000001 (0.12720156555772988, -3.4540117416829745, 3.786692759295498) 9.859145677718026
000001100011000101010010011 (-4.765166340508806, -1.1448140900195698, -2.1232876712328768) 9.868469582420264
100010100100001111111000000 (0.4011741682974552, 0.3033268101761246, 3.7671232876712324) 10.686587570094698
001011101001000101010001001 (-3.1800391389432487, -3.649706457925636, -2.3189823874755384) 10.77708260750253
100000111001111001010100100 (0.14677103718199547, -2.6320939334637967, -1.7906066536203524) 11.069117512253307
100011011001100101010001001 (0.5381604696673188, -3.0234833659491196, -2.3189823874755384) 11.39762048225261
000010100101001111111000000 (-4.608610567514678, 1.5557729941291578, 3.7671232876712324) 11.634140750505583
000010100101000101010001001 (-4.608610567514678, 1.3600782778864966, -2.3189823874755384) 12.626210271408533
100010100111001111111000000 (0.4011741682974552, 4.060665362035225, 3.7671232876712324) 13.04164861024746
GA: 6
000010001001000101010011001 (-4.667318982387475, -3.649706457925636, -2.00587084148728) 8.836012673192968
001011100110001011111000001 (-3.1996086105675148, 2.729941291585127, 3.786692759295498) 9.848834501409963
100010110110001111111010001 (0.4403131115459882, 2.808219178082191, 4.099804305283756) 9.890842994178632
100010100100001111111010000 (0.4011741682974552, 0.3033268101761246, 4.080234833659491) 10.658561174402625
100100110001001111111000000 (0.7534246575342465, -3.4540117416829745, 3.7671232876712324) 10.924330046386316
110000000101011011111000101 (2.514677103718199, 1.790606653620352, 3.864970645792564) 11.267286926000207
100000100111001101110000000 (0.08806262230919693, 4.021526418786692, 2.514677103718199) 11.800426160598716
101011101011010101110001100 (1.829745596868884, -0.8317025440313115, 2.7495107632093934) 12.445501659306977
000010101100001111011000001 (-4.589041095890411, 0.3033268101761246, -1.2230919765166344) 13.212678101341076
100000111000000010111000011 (0.14677103718199547, -4.960861056751468, 3.825831702544031) 14.039287673223377
GA: 7
000010011001000101010010001 (-4.628180039138943, -3.649706457925636, -2.1624266144814093) 9.102331901021287
101001001001010101010001101 (1.4383561643835616, -3.336594911937378, -2.240704500978474) 10.54835164817715
000010001001000101010011001 (-4.667318982387475, -3.649706457925636, -2.00587084148728) 10.55338753360211
101001100100010001110001100 (1.4970645792563602, 0.34246575342465757, 2.7495107632093934) 10.556281320669365
000011111001000111110011101 (-4.39334637964775, -3.6105675146771037, 3.0821917808219172) 11.269842063992513
010010100100001111010011001 (-2.1037181996086107, 0.3033268101761246, -2.00587084148728) 11.4732930317335
000010001001000101111011001 (-4.667318982387475, -3.649706457925636, 4.256360078277886) 11.670306255309923
000010001001000101010101001 (-4.667318982387475, -3.649706457925636, -1.6927592954990218) 11.88756533547986
100010101011011111101010000 (0.4207436399217217, -0.6360078277886503, 1.5753424657534243) 12.83754761642674
110000100111001101011000000 (2.5929549902152633, 4.021526418786692, -1.2426614481409004) 13.638955211410238
GA: 8
100010101010000101001011000 (0.4207436399217217, -2.397260273972603, -3.2778864970645794) 9.28889911141893
100010011001000101010010100 (0.38160469667318964, -3.649706457925636, -2.1037181996086107) 9.885346433676437
110000100001000101011000000 (2.5929549902152633, -3.649706457925636, -1.2426614481409004) 10.52351811094041
100001101100010001110001100 (0.26418786692759255, 0.34246575342465757, 2.7495107632093934) 10.594562871493098
000111001111000111110001101 (-3.88454011741683, 3.904109589041095, 2.769080234833659) 11.430645775617641
111000100111001101011000000 (3.8454011741682965, 4.021526418786692, -1.2426614481409004) 11.926382893692939
100110101111011111101010001 (1.0469667318982383, 4.373776908023483, 1.5949119373776908) 12.865553737257777
001010011001011111110010001 (-3.37573385518591, -3.1409001956947162, 2.847358121330724) 13.315522702976251
001101000100010011110001100 (-2.964774951076321, 0.38160469667318964, 2.7495107632093934) 13.353784537317026
010110110111000101100110001 (-1.4383561643835616, 3.864970645792564, 0.9686888454011742) 15.273979432923623
GA: 9
100010101011000001001011100 (0.4207436399217217, -1.2230919765166344, -3.1996086105675148) 8.525479210262894
100101101100010101000001100 (0.8904109589041092, 0.4207436399217217, -4.765166340508806) 8.561351533437675
111000000011001101011000000 (3.7671232876712324, -0.9882583170254406, -1.2426614481409004) 9.149118177494428
110101101001001111110000000 (3.3953033268101755, -3.4540117416829745, 2.514677103718199) 9.846821352678075
011000010001000100010110001 (-1.2035225048923683, -3.6692759295499022, -1.5362035225048927) 10.230117544478684
100010001001110101001011000 (0.34246575342465757, -2.7103718199608613, -3.2778864970645794) 10.577989099083194
100010101100010001101011000 (0.4207436399217217, 0.34246575342465757, 1.7318982387475534) 11.894436061485294
111100010011001001011100000 (4.432485322896282, -1.0665362035225052, -0.6164383561643838) 12.057873814874299
100000101010010101100011000 (0.1076320939334634, -2.0841487279843447, 0.47945205479452024) 13.345003547130355
000000011010011110110010001 (-4.9412915851272015, -1.908023483365949, 2.847358121330724) 14.14536686160435
GA: 10
011000010001000111011000000 (-1.2035225048923683, -3.6105675146771037, -1.2426614481409004) 9.67690671806147
111100000011000101011100000 (4.393346379647749, -1.1448140900195698, -0.6164383561643838) 9.816987001847442
101000100011001000011100000 (1.3405088062622301, -1.0861056751467713, -0.6164383561643838) 9.97839594406031
101000010011000100011100000 (1.301369863013698, -1.1643835616438358, -0.6164383561643838) 10.818974753120123
110101101001000111110000000 (3.3953033268101755, -3.6105675146771037, 2.514677103718199) 11.682088972145884
111000001011001001010110100 (3.786692759295498, -1.0665362035225052, -1.4774951076320941) 11.85818690498287
001000010001000100010110000 (-3.7084148727984347, -3.6692759295499022, -1.5557729941291587) 12.104745093577574
110101101001001110110000001 (3.3953033268101755, -3.4735812133072406, 2.5342465753424657) 12.248785321597602
000010101011001011001011100 (-4.589041095890411, -1.0273972602739727, -3.1996086105675148) 12.619226464528364
011010000111001100010110001 (-0.9295499021526421, 4.001956947162427, -1.5362035225048927) 13.25225150850489
GA: 11
011000110001000111111000000 (-1.1252446183953033, -3.6105675146771037, 3.7671232876712324) 8.508550933597544
101000110001001000001100010 (1.379647749510763, -3.5909980430528377, -3.082191780821918) 8.926886810496008
101000000011001000011100000 (1.262230919765166, -1.0861056751467713, -0.6164383561643838) 9.637634549760799
110000100011001111110000000 (2.5929549902152633, -0.9491193737769086, 2.514677103718199) 9.801482795679666
101101111001000001111100000 (2.1819960861056744, -3.7279843444227008, 4.393346379647749) 9.942712307525586
111110100011000001011100000 (4.784735812133071, -1.2230919765166344, -0.6164383561643838) 10.69646921619235
011010100011001011001010000 (-0.851272015655578, -1.0273972602739727, -3.4344422700587085) 10.712225470949415
101001110001001000011100001 (1.5362035225048922, -3.5909980430528377, -0.5968688845401173) 10.794427803812543
101000010001010100011000000 (1.301369863013698, -3.356164383561644, -1.2426614481409004) 11.996578389949187
101000010011001100011100100 (1.301369863013698, -1.0078277886497067, -0.5381604696673197) 12.44937518234887
GA: 12
101010011001001100011001000 (1.6340508806262228, -3.512720156555773, -1.0861056751467713) 7.788364766909851
011000010001010100011000000 (-1.2035225048923683, -3.356164383561644, -1.2426614481409004) 10.003852439171744
011001110001000111111000000 (-0.9686888454011742, -3.6105675146771037, 3.7671232876712324) 10.634386916702894
101000110001011010010100110 (1.379647749510763, -3.2387475538160473, -1.75146771037182) 10.743015391237552
101000010011000100001100001 (1.301369863013698, -1.1643835616438358, -3.101761252446184) 10.811880688272549
001000110001010111111000000 (-3.6301369863013697, -3.2974559686888454, 3.7671232876712324) 11.327306442620559
011010110001000111111000000 (-0.812133072407045, -3.6105675146771037, 3.7671232876712324) 11.398902861996193
111100110001001011010000000 (4.510763209393346, -3.532289628180039, -2.4951076320939336) 11.585388584637741
101000110001000111111000101 (1.379647749510763, -3.6105675146771037, 3.864970645792564) 12.266531404303144
011000110001000111111000001 (-1.1252446183953033, -3.6105675146771037, 3.786692759295498) 13.200864073326292
GA: 13
001000011001001100001001000 (-3.6888454011741683, -3.512720156555773, -3.5909980430528377) 9.185926906680791
111101110001000111111000000 (4.667318982387474, -3.6105675146771037, 3.7671232876712324) 9.468512047315606
010011110001000111111100000 (-1.908023483365949, -3.6105675146771037, 4.393346379647749) 9.565870079931516
011100010001001100001000000 (-0.5772994129158517, -3.512720156555773, -3.747553816046967) 9.632891316040414
011100111011001011111000100 (-0.47945205479452113, -1.0273972602739727, 3.8454011741682965) 9.655577462347468
111110110001001011010101100 (4.823874755381604, -3.532289628180039, -1.6340508806262233) 10.19237275974524
011110110001001011010010000 (-0.18590998043052842, -3.532289628180039, -2.1819960861056753) 10.66883720040167
110010110001001111011000000 (2.9452054794520546, -3.4540117416829745, -1.2426614481409004) 10.738751804415566
011010010001000111111100000 (-0.89041095890411, -3.6105675146771037, 4.393346379647749) 11.69104084670447
101010011001001101011101000 (1.6340508806262228, -3.493150684931507, -0.45988258317025466) 12.030778300489441
GA: 14
101100110000001011110101100 (2.0058708414872797, -4.784735812133072, 3.37573385518591) 9.76626346992878
111110010001001001010100001 (4.74559686888454, -3.5714285714285716, -1.849315068493151) 9.816540190577427
011110101011001011111000100 (-0.2054794520547949, -1.0273972602739727, 3.8454011741682965) 10.416271715532956
011100110001000101111000000 (-0.4990215264187867, -3.649706457925636, 3.7671232876712324) 10.693854164747501
101000011001011100101010000 (1.3209393346379645, -3.1996086105675148, 1.5753424657534243) 10.826893956743913
111101110001001011010101110 (4.667318982387474, -3.532289628180039, -1.5949119373776908) 11.339941649507619
110110110001101011011100100 (3.571428571428571, -2.9060665362035225, -0.5381604696673197) 11.435005401575832
111111110001001111111000000 (4.980430528375733, -3.4540117416829745, 3.7671232876712324) 11.550855429301533
011101110001100100111001110 (-0.34246575342465757, -3.0430528375733856, 4.041095890410958) 11.676221134420153
011011110001000111111101100 (-0.6555772994129159, -3.6105675146771037, 4.628180039138943) 12.008561514956561
GA: 15
011110110011001001111000000 (-0.18590998043052842, -1.0665362035225052, 3.7671232876712324) 8.697704410787011
111111111001001011101001110 (5.0, -3.532289628180039, 1.5362035225048922) 10.278643109251234
011100110001000101110001100 (-0.4990215264187867, -3.649706457925636, 2.7495107632093934) 10.365825131016587
111101110001100100011001110 (4.667318982387474, -3.0430528375733856, -0.9686888454011742) 10.37469777576921
001100110000001111011001110 (-3.003913894324853, -4.706457925636008, -0.9686888454011742) 10.682244666272156
111101110001101101011000010 (4.667318982387474, -2.8669275929549904, -1.2035225048923683) 10.801974404843717
010111110000000100110101100 (-1.2818003913894325, -4.921722113502936, 3.37573385518591) 11.635898087000136
111101011000000111010101110 (4.608610567514676, -4.863013698630137, -1.5949119373776908) 11.782851889292775
011100110000001011111101110 (-0.4990215264187867, -4.784735812133072, 4.667318982387474) 13.77771728924209
011100110101000101010100000 (-0.4990215264187867, 1.3600782778864966, -1.868884540117417) 14.427578150185374
GA: 16
001101100000001101111001111 (-2.8864970645792565, -4.74559686888454, 4.060665362035225) 9.097335270713444
111100011000100010011000010 (4.4520547945205475, -4.334637964774951, -1.2035225048923683) 9.793145303709771
101101011000010111010111010 (2.1037181996086103, -4.549902152641879, -1.3600782778864975) 10.36472591713538
111111101001100111010101110 (4.960861056751467, -2.984344422700587, -1.5949119373776908) 10.498758678411049
111100110001001101101000010 (4.510763209393346, -3.493150684931507, 1.301369863013698) 10.963201916189634
011110111000000000110001101 (-0.16634050880626283, -5.0, 2.769080234833659) 11.962046330725316
111011011000000111010101010 (4.2954990215264175, -4.863013698630137, -1.6731898238747558) 12.803354827687665
111101110001101101010101111 (4.667318982387474, -2.8669275929549904, -1.5753424657534247) 13.117540477270376
010110110011000001010000000 (-1.4383561643835616, -1.2230919765166344, -2.4951076320939336) 13.864041071532107
111101011000000011101001110 (4.608610567514676, -4.9412915851272015, 1.5362035225048922) 19.38196762087627
GA: 17
001110100000001101110101111 (-2.7299412915851273, -4.74559686888454, 3.4344422700587085) 7.879471912351559
110100011000100010011101010 (3.1996086105675143, -4.334637964774951, -0.4207436399217226) 8.086703531821197
001100110011000001010000001 (-3.003913894324853, -1.2230919765166344, -2.4755381604696676) 10.86362133522563
101101011000100101000011010 (2.1037181996086103, -4.275929549902153, -4.4911937377690805) 10.985839405664523
111101101100110111010101110 (4.647749510763209, 1.0861056751467704, -1.5949119373776908) 11.669585669606608
111111011000000111011001010 (4.921722113502934, -4.863013698630137, -1.0469667318982392) 11.984854289939282
001101100100001101111001111 (-2.8864970645792565, 0.26418786692759255, 4.060665362035225) 12.002246669077056
101101110000001101111001111 (2.162426614481409, -4.74559686888454, 4.060665362035225) 12.44231591543712
010111110100001101110011110 (-1.2818003913894325, 0.26418786692759255, 3.101761252446183) 14.13832658404588
111011011000000011010001110 (4.2954990215264175, -4.9412915851272015, -2.2211350293542074) 17.98631020368874
GA: 18
101101011000001101111001011 (2.1037181996086103, -4.74559686888454, 3.982387475538159) 9.435942240065675
101101110000011101101101010 (2.162426614481409, -4.432485322896282, 2.084148727984344) 9.941682282452696
001101100100000101000011001 (-2.8864970645792565, 0.1076320939334634, -4.510763209393346) 9.950503585377428
101101011011000001000011010 (2.1037181996086103, -1.2230919765166344, -4.4911937377690805) 10.087498370804251
011100110010100101010000100 (-0.4990215264187867, -1.7710371819960864, -2.416829745596869) 10.213377491607208
110100011000100011011101011 (3.1996086105675143, -4.315068493150685, -0.4011741682974561) 10.523560544399162
111110100000001111110100110 (4.784735812133071, -4.706457925636008, 3.258317025440313) 10.594702315529181
001101101000000111001001010 (-2.8669275929549904, -4.863013698630137, -3.5518590998043056) 10.989709715450282
011111000110001101111001111 (-0.14677103718199636, 2.769080234833659, 4.060665362035225) 11.938658419814814
101101011000101111111011010 (2.1037181996086103, -4.080234833659492, 4.275929549902152) 12.060105142728302
GA: 19
101101110000011111111101010 (2.162426614481409, -4.39334637964775, 4.58904109589041) 9.242736204653212
101101110011110101000010011 (2.162426614481409, -0.2054794520547949, -4.628180039138943) 9.50216222396368
001111001010101001111001111 (-2.6320939334637967, -1.6927592954990218, 4.060665362035225) 10.241093109016166
011110000000011101100100110 (-0.3033268101761255, -4.432485322896282, 0.7534246575342465) 11.314261973949003
110101111010101111111010000 (3.4344422700587085, -1.5753424657534247, 4.080234833659491) 11.61248982330747
001101101001000111001011010 (-2.8669275929549904, -3.6105675146771037, -3.2387475538160473) 11.647531065376123
101100011011000001000001010 (1.9471624266144811, -1.2230919765166344, -4.804305283757339) 12.546406215606694
011100011011000101010011010 (-0.5577299412915853, -1.1448140900195698, -1.986301369863014) 12.701967667150008
001101000100001101001111001 (-2.964774951076321, 0.26418786692759255, -2.6320939334637967) 14.193675853323093
100110100000001101111110111 (1.0273972602739718, -4.74559686888454, 4.84344422700587) 57.338556229630655
GA: 20
101001100100001100001111001 (1.4970645792563602, 0.24461839530332696, -2.6320939334637967) 8.435668612795922
101001000100001101001111101 (1.4187866927592951, 0.26418786692759255, -2.553816046966732) 9.11728192221524
101100011011000111001001010 (1.9471624266144811, -1.1056751467710373, -3.5518590998043056) 9.464992886171373
001100011011100001000001110 (-3.0626223091976517, -0.5968688845401173, -4.726027397260274) 10.138239826381334
001001000100000101001111000 (-3.5909980430528377, 0.1076320939334634, -2.6516634050880628) 10.430176472197113
001101010000001101111101010 (-2.925636007827789, -4.74559686888454, 4.58904109589041) 10.598522482481346
011101000110001101001110111 (-0.45988258317025466, 2.769080234833659, -2.671232876712329) 11.153199811317192
001110101010001001111001101 (-2.7103718199608613, -2.3189823874755384, 4.021526418786692) 12.217521511528824
001101000100001101001111001 (-2.964774951076321, 0.26418786692759255, -2.6320939334637967) 13.963489481614392
101101110100011001111101110 (2.162426614481409, 0.4990215264187867, 4.667318982387474) 25.73276026989267
GA: 21
010101000001001100001111111 (-1.7123287671232879, -3.512720156555773, -2.5146771037181996) 9.457164612664535
101100001010000111001000000 (1.908023483365949, -2.3581213307240705, -3.747553816046967) 10.03151319810216
001101000100100101001111001 (-2.964774951076321, 0.73385518590998, -2.6320939334637967) 10.242784223593405
101000100100001101001111001 (1.3405088062622301, 0.26418786692759255, -2.6320939334637967) 10.467295637253025
101100011011000101001011010 (1.9471624266144811, -1.1448140900195698, -3.2387475538160473) 10.59306397007878
101001100100101111001001101 (1.4970645792563602, 0.9295499021526412, -3.493150684931507) 10.767312571896785
101100011011001111011001110 (1.9471624266144811, -0.9491193737769086, -0.9686888454011742) 11.501545281304052
001100000010001101001110101 (-3.12133072407045, -2.240704500978474, -2.7103718199608613) 11.885616006414162
101101001000001101001011101 (2.064579256360078, -4.74559686888454, -3.1800391389432487) 12.09030678571206
101001001100001011000111110 (1.4383561643835616, 0.2250489236790605, -3.786692759295499) 12.856402023882273
GA: 22
001101000010010110001101101 (-2.964774951076321, -2.064579256360078, -2.8669275929549904) 7.6189624551432455
101001001100000111010011110 (1.4383561643835616, 0.14677103718199547, -1.908023483365949) 8.71960549310884
101101001010000001001010001 (2.064579256360078, -2.4755381604696676, -3.4148727984344425) 8.982488806174425
001100001100110011001101000 (-3.101761252446184, 1.0078277886497062, -2.964774951076321) 9.148324063022079
111110000010001111010100000 (4.706457925636007, -2.2015655577299413, -1.868884540117417) 9.633069679535986
001101000110100001000011101 (-2.964774951076321, 3.1604696673189814, -4.432485322896282) 9.783479350145356
101000001110001011001111000 (1.2818003913894325, 2.729941291585127, -2.6516634050880628) 9.935241804955307
001100011101100101100101110 (-3.0626223091976517, 1.9863013698630132, 0.9099804305283756) 10.182768990321057
001001000001000111111000011 (-3.5909980430528377, -3.6105675146771037, 3.825831702544031) 11.336580472129578
101100010011101011001011110 (1.9275929549902147, -0.4011741682974561, -3.1604696673189823) 12.791191383643111
GA: 23
000101000010000000001010001 (-4.217221135029354, -2.4951076320939336, -3.4148727984344425) 8.828807717714014
000100001100110011001101101 (-4.354207436399217, 1.0078277886497062, -2.8669275929549904) 9.627624032136108
001101101010010110001001100 (-2.8669275929549904, -2.064579256360078, -3.512720156555773) 10.359913697205402
001001001001000111100001110 (-3.5714285714285716, -3.6105675146771037, 0.28375733855185903) 10.951163558818969
001101000010110010001101101 (-2.964774951076321, -1.5166340508806266, -2.8669275929549904) 10.972585415252178
001100011100100111101000010 (-3.0626223091976517, 0.7729941291585121, 1.301369863013698) 11.438591942029493
001100001100010111000101000 (-3.101761252446184, 0.45988258317025377, -4.217221135029354) 12.022364687919515
001111010010010110001101000 (-2.6125244618395307, -2.064579256360078, -2.964774951076321) 12.092833747367031
001100101100100111011000000 (-3.0234833659491196, 0.7729941291585121, -1.2426614481409004) 12.86134416856878
101001001001000111101100011 (1.4383561643835616, -3.6105675146771037, 1.9471624266144811) 13.436254887241745
GA: 24
001101001100110110000101101 (-2.945205479452055, 1.0665362035225048, -4.119373776908024) 9.05837275651573
010100001100110001000000101 (-1.849315068493151, 0.9686888454011742, -4.902152641878669) 10.10572829279492
000100001100110010001101101 (-4.354207436399217, 0.9882583170254398, -2.8669275929549904) 10.725403164869642
000101000010110010001010101 (-4.217221135029354, -1.5166340508806266, -3.336594911937378) 11.23186105200183
011101000010110010001101011 (-0.45988258317025466, -1.5166340508806266, -2.9060665362035225) 11.98356020391262
001100001100100011001101101 (-3.101761252446184, 0.6947162426614479, -2.8669275929549904) 12.621086793686683
001101111100101111001111010 (-2.827788649706458, 0.9295499021526412, -2.6125244618395307) 13.104322582999538
001100011100100111101000100 (-3.0626223091976517, 0.7729941291585121, 1.3405088062622301) 13.109071962389642
000110001110100111001101101 (-4.041095890410959, 3.2778864970645785, -2.8669275929549904) 13.784104303789716
000100001100000100011101100 (-4.354207436399217, 0.08806262230919693, -0.38160469667318964) 14.036891759374127
GA: 25
000101010010110010001000101 (-4.178082191780822, -1.5166340508806266, -3.649706457925636) 8.522966920821252
001101001100100110000101001 (-2.945205479452055, 0.7534246575342465, -4.197651663405088) 9.526634462979928
000101000010110110001011010 (-4.217221135029354, -1.4383561643835616, -3.2387475538160473) 9.749662354114498
011101000010110110000101101 (-0.45988258317025466, -1.4383561643835616, -4.119373776908024) 11.116559812074662
001001001101110000001001011 (-3.5714285714285716, 2.201565557729941, -3.532289628180039) 11.428697489279262
111101000101110010001111011 (4.549902152641877, 2.240704500978473, -2.592954990215264) 11.510864631348756
001101111100101111001010001 (-2.827788649706458, 0.9295499021526412, -3.4148727984344425) 11.889929123024627
000100001010010010001101101 (-4.354207436399217, -2.1428571428571432, -2.8669275929549904) 11.95934783060311
001101001100110110100111001 (-2.945205479452055, 1.0665362035225048, 1.1252446183953033) 12.811925237778118
001001011110110111100000101 (-3.532289628180039, 3.5909980430528368, 0.1076320939334634) 13.415169525422305
GA: 26
011001000010110110000111101 (-1.0861056751467713, -1.4383561643835616, -3.8062622309197653) 8.810944556384417
001100001100110110000101101 (-3.101761252446184, 1.0665362035225048, -4.119373776908024) 9.182697752150396
011111000010100110001111010 (-0.14677103718199636, -1.75146771037182, -2.6125244618395307) 9.83862294649422
101101000110110110000101000 (2.0450097847358117, 3.571428571428571, -4.217221135029354) 10.864811684296939
011101001100100110100101001 (-0.4403131115459882, 0.7534246575342465, 0.812133072407045) 11.35897965966451
001101001110100110000101001 (-2.945205479452055, 3.258317025440313, -4.197651663405088) 11.70631605918583
001001000111110000110111001 (-3.5909980430528377, 4.706457925636007, 3.6301369863013697) 12.405409247326014
000101010010111110000101101 (-4.178082191780822, -1.2818003913894325, -4.119373776908024) 12.494472562794062
011101000101110010001111111 (-0.45988258317025466, 2.240704500978473, -2.5146771037181996) 13.10412817114027
111110001100111110001111011 (4.726027397260273, 1.223091976516634, -2.592954990215264) 13.625244927999356
GA: 27
001111010010100110001111101 (-2.6125244618395307, -1.75146771037182, -2.553816046966732) 7.053612673491646
011100001110111110100101001 (-0.5968688845401173, 3.7279843444226994, 0.812133072407045) 9.868657271810248
011111001010101110000101010 (-0.12720156555772988, -1.5949119373776908, -4.178082191780822) 9.993875582245147
011110000010100110001011000 (-0.3033268101761255, -1.75146771037182, -3.2778864970645794) 10.41974223824157
101111001010100110000001101 (2.3776908023483365, -1.75146771037182, -4.74559686888454) 10.57196489164228
001001001100100111000101101 (-3.5714285714285716, 0.7729941291585121, -4.119373776908024) 11.453899531076772
011100001100110110001111010 (-0.5968688845401173, 1.0665362035225048, -2.6125244618395307) 11.558957469626128
001101001110100110000110001 (-2.945205479452055, 3.258317025440313, -4.041095890410959) 11.616215690794071
011101011110100111001111010 (-0.4011741682974561, 3.2778864970645785, -2.6125244618395307) 12.000813022893372
011101001100110110100101011 (-0.4403131115459882, 1.0665362035225048, 0.8512720156555771) 12.193025941842256
GA: 28
001100000010101110001001000 (-3.12133072407045, -1.5949119373776908, -3.5909980430528377) 8.086810775989449
011110000000100100001111010 (-0.3033268101761255, -4.295499021526419, -2.6125244618395307) 8.681621324812111
011111001010100110000001100 (-0.12720156555772988, -1.75146771037182, -4.765166340508806) 9.554226673535114
011000101100110110000101001 (-1.1448140900195698, 1.0665362035225048, -4.197651663405088) 9.97907313097917
011110001010100110001011100 (-0.28375733855185903, -1.75146771037182, -3.1996086105675148) 10.539744298758574
011110001110111010100110000 (-0.28375733855185903, 3.6497064579256353, 0.9491193737769077) 11.42534442002598
110100001100110110001011110 (3.1604696673189814, 1.0665362035225048, -3.1604696673189823) 12.724919967458103
101110000100100110000101101 (2.201565557729941, 0.7534246575342465, -4.119373776908024) 13.804573327286386
011000001100011110011111000 (-1.2230919765166344, 0.5968688845401173, -0.14677103718199636) 15.02667520886522
101101011110000111001111000 (2.1037181996086103, 2.651663405088062, -2.6516634050880628) 15.18207387706573
GA: 29
011110001000100100001111010 (-0.28375733855185903, -4.295499021526419, -2.6125244618395307) 8.671251467523268
101111000100100000000101101 (2.35812133072407, 0.6360078277886494, -4.119373776908024) 8.933079975904183
001100000000100100101111010 (-3.12133072407045, -4.295499021526419, 2.397260273972602) 8.988139149630237
010110000000100100101011010 (-1.5557729941291587, -4.295499021526419, 1.7710371819960855) 9.882504594975368
011100001100010110000101001 (-0.5968688845401173, 0.4403131115459882, -4.197651663405088) 10.588618687552053
001100001010101110001001000 (-3.101761252446184, -1.5949119373776908, -3.5909980430528377) 10.922093070756231
010100101100110101001111000 (-1.7710371819960864, 1.0469667318982383, -2.6516634050880628) 11.192298194410776
011101000010101110011001100 (-0.45988258317025466, -1.5949119373776908, -1.0078277886497067) 11.457397730753877
011110011110111010100010010 (-0.24461839530332696, 3.6497064579256353, 0.36203522504892316) 11.546656608701854
011010000100110100000110001 (-0.9295499021526421, 1.0273972602739718, -4.041095890410959) 11.603752700007886
GA: 30
101100100000100111010111010 (1.9667318982387467, -4.236790606653621, -1.3600782778864975) 7.137041160437969
001100000000110100100111110 (-3.12133072407045, -3.9823874755381605, 1.223091976516634) 10.331253854564922
101011000100110100100110001 (1.7318982387475534, 1.0273972602739718, 0.9686888454011742) 10.44540422443629
101111001100100000101111111 (2.3776908023483365, 0.6360078277886494, 2.4951076320939327) 10.52360466033904
001100000100100100001110010 (-3.12133072407045, 0.7142857142857135, -2.76908023483366) 10.698456621778721
011111001110100100110111010 (-0.12720156555772988, 3.21917808219178, 3.6497064579256353) 11.479019961883502
011111001100100100101111010 (-0.12720156555772988, 0.7142857142857135, 2.397260273972602) 11.530519008482138
101100000000000000000101101 (1.8884540117416826, -5.0, -4.119373776908024) 11.596731136608007
011010000100000000000101101 (-0.9295499021526421, 0.009784735812132794, -4.119373776908024) 11.92019245403333
101111000000100001000101101 (2.35812133072407, -4.354207436399217, -4.119373776908024) 11.966408266793318
GA: 31
101111001001011000101111111 (2.3776908023483365, -3.2778864970645794, 2.4951076320939327) 8.942093730424347
011000000110110100100001101 (-1.2426614481409004, 3.532289628180038, 0.26418786692759255) 10.441074644943388
011100010000110100100111110 (-0.5772994129158517, -3.9823874755381605, 1.223091976516634) 10.537412384903146
101011010100000000001110001 (1.7710371819960855, 0.009784735812132794, -2.788649706457926) 10.766484529240536
001100000000000100101111110 (-3.12133072407045, -4.921722113502936, 2.475538160469667) 10.812280382907401
011100000011100100110111010 (-0.6164383561643838, -0.5381604696673197, 3.6497064579256353) 10.84827166372025
101100100000100011100100001 (1.9667318982387467, -4.315068493150685, 0.6555772994129159) 11.179146684183918
101101100000100110010011000 (2.1232876712328768, -4.256360078277886, -2.025440313111546) 12.356754608446513
100010000100110100010111010 (0.3228962818003911, 1.0273972602739718, -1.3600782778864975) 12.951802044853256
011010000100000000001101111 (-0.9295499021526421, 0.009784735812132794, -2.827788649706458) 13.195000087377798
GA: 32
001000100000100010000100001 (-3.6692759295499022, -4.334637964774951, -4.354207436399217) 8.765323061988624
101111001011011000001101110 (2.3776908023483365, -0.772994129158513, -2.847358121330724) 10.732280004924853
011111010000110101100111110 (-0.10763209393346429, -3.9628180039138945, 1.223091976516634) 10.966105382779983
101000000100110100110001101 (1.262230919765166, 1.0273972602739718, 2.769080234833659) 11.078423203222476
100000000101100001100101001 (0.009784735812132794, 1.908023483365949, 0.812133072407045) 11.31771080035445
111100010010110100100111111 (4.432485322896282, -1.4774951076320941, 1.2426614481408995) 11.546543244170675
011100100000100111100110001 (-0.5381604696673197, -4.236790606653621, 0.9686888454011742) 11.891824910922654
100100100000000111100100000 (0.7142857142857135, -4.863013698630137, 0.6360078277886494) 13.055721958263073
001000110000000100100111110 (-3.6301369863013697, -4.921722113502936, 1.223091976516634) 13.240553208732424
001100000010101000101011110 (-3.12133072407045, -1.7123287671232879, 1.8493150684931505) 14.20887270499309
GA: 33
101000010101000101110001101 (1.301369863013698, 1.3600782778864966, 2.769080234833659) 8.840270845604431
101000000010111000001101111 (1.262230919765166, -1.3992172211350296, -2.827788649706458) 9.032924654909884
001111001111011000101111110 (-2.6320939334637967, 4.236790606653621, 2.475538160469667) 9.118915692449452
001100000000011100100011111 (-3.12133072407045, -4.4520547945205475, 0.6164383561643829) 9.912352915913544
011000000100100010000100000 (-1.2426614481409004, 0.6751467710371815, -4.373776908023483) 10.530249714879936
001100000011111000101011111 (-3.12133072407045, -0.14677103718199636, 1.8688845401174161) 10.610173526873433
101011000100101011110101101 (1.7318982387475534, 0.8512720156555771, 3.3953033268101755) 10.732475175885268
011000101010110100111011110 (-1.1448140900195698, -1.4774951076320941, 4.354207436399216) 10.822285756994086
100100100010010111100100010 (0.7142857142857135, -2.045009784735812, 0.6751467710371815) 12.050167112952225
101000000100110100110001101 (1.262230919765166, 1.0273972602739718, 2.769080234833659) 13.045419073792338
GA: 34
001101001001111100001011111 (-2.945205479452055, -2.573385518590998, -3.1409001956947162) 6.475436698660892
001100000000001100100111111 (-3.12133072407045, -4.765166340508806, 1.2426614481408995) 7.483061837905686
100100101010100011100100011 (0.73385518590998, -1.8101761252446185, 0.6947162426614479) 8.517020824042639
110011001100101010110101101 (3.003913894324853, 0.8317025440313106, 3.3953033268101755) 9.20143381011732
111000101010011100111011111 (3.864970645792564, -1.9471624266144816, 4.373776908023483) 10.00387650343212
001100001000011111000000011 (-3.101761252446184, -4.39334637964775, -4.9412915851272015) 10.251265008088025
001011000100101011111101101 (-3.2778864970645794, 0.8512720156555771, 4.647749510763209) 10.679164716320962
101010000100101000100011111 (1.5753424657534243, 0.7925636007827785, 0.6164383561643829) 11.660273680252145
101000000110001010001101101 (1.262230919765166, 2.7103718199608604, -2.8669275929549904) 12.253792397481876
100100100010000011101111010 (0.7142857142857135, -2.436399217221135, 2.397260273972602) 13.23271730801668
GA: 35
001010101010001010010101101 (-3.336594911937378, -2.2994129158512724, -1.6144814090019572) 9.044215868466807
001100000000001100100111111 (-3.12133072407045, -4.765166340508806, 1.2426614481408995) 9.528979233186714
001110000000001100001101101 (-2.808219178082192, -4.765166340508806, -2.8669275929549904) 10.538105025153474
111100001010011100111011101 (4.412915851272015, -1.9471624266144816, 4.3346379647749504) 10.692914509372992
001110100010001100000111111 (-2.7299412915851273, -2.26027397260274, -3.767123287671233) 10.718832663017244
001100001010001110100111111 (-3.101761252446184, -2.2211350293542074, 1.2426614481408995) 10.937974163369516
001000100000001100100111111 (-3.6692759295499022, -4.765166340508806, 1.2426614481408995) 11.607405378647814
101001000110001000100111011 (1.4187866927592951, 2.6712328767123283, 1.1643835616438354) 11.726840970331681
100100000110100011100100111 (0.6360078277886494, 3.1996086105675143, 0.7729941291585121) 11.99267348960685
111001100000011100111111110 (4.001956947162427, -4.4520547945205475, 4.980430528375733) 47.31381947848991
GA: 36
001100001000001110000111011 (-3.101761252446184, -4.726027397260274, -3.8454011741682974) 9.215903830741567
111100000000001100111011101 (4.393346379647749, -4.765166340508806, 4.3346379647749504) 9.612716029643869
000000000100011101111011101 (-5.0, 0.5772994129158509, 4.3346379647749504) 9.768081569291741
101001100010001100000111011 (1.4970645792563602, -2.26027397260274, -3.8454011741682974) 10.571137025286497
001010001010011100100111111 (-3.4148727984344425, -1.9471624266144816, 1.2426614481408995) 10.671518122240174
001100001010001110100101111 (-3.101761252446184, -2.2211350293542074, 0.9295499021526412) 11.351445434300674
100100000110100011100111111 (0.6360078277886494, 3.1996086105675143, 1.2426614481408995) 12.354408647221703
001110000010001001000111101 (-2.808219178082192, -2.3189823874755384, -3.8062622309197653) 12.380824050039713
001110100110001000100111111 (-2.7299412915851273, 2.6712328767123283, 1.2426614481408995) 14.308528867638652
111101100110101100000111011 (4.628180039138943, 3.37573385518591, -3.8454011741682974) 15.287068669854616
GA: 37
001100001000101111000111011 (-3.101761252446184, -4.080234833659492, -3.8454011741682974) 8.417921272913384
000100000010100011000011011 (-4.373776908023483, -1.8101761252446185, -4.471624266144814) 9.615625390449983
100000001000001111101111110 (0.02935420743639927, -4.706457925636008, 2.475538160469667) 10.154212965521767
100101001000001110000111111 (0.812133072407045, -4.726027397260274, -3.767123287671233) 11.369043118878682
000001000101011110001011101 (-4.843444227005871, 1.8493150684931505, -3.1800391389432487) 11.398067805852023
001010001010111110100111111 (-3.4148727984344425, -1.2818003913894325, 1.2426614481408995) 11.708749507075243
001100000010100001100111011 (-3.12133072407045, -1.849315068493151, 1.1643835616438354) 12.179534447882274
101100001000001101100111011 (1.908023483365949, -4.74559686888454, 1.1643835616438354) 12.467535788660818
000100000110011011100111011 (-4.373776908023483, 3.0430528375733843, 1.1643835616438354) 12.590242903839007
000010001000011110111001101 (-4.667318982387475, -4.4129158512720155, 4.021526418786692) 14.790335467838188
GA: 38
100000000000100001100111110 (0.009784735812132794, -4.354207436399217, 1.223091976516634) 7.6450257288614925
100101011000011110001111101 (0.8512720156555771, -4.4129158512720155, -2.553816046966732) 8.321769556292587
111100010010010111101111111 (4.432485322896282, -2.045009784735812, 2.4951076320939327) 9.681648373796204
100100000010100011000011111 (0.6360078277886494, -1.8101761252446185, -4.39334637964775) 9.79614794489849
011100001000101111000111011 (-0.5968688845401173, -4.080234833659492, -3.8454011741682974) 10.677955501480238
111100001000011101000000111 (4.412915851272015, -4.432485322896282, -4.863013698630137) 10.919588977327118
101100101000000110000011011 (1.9863013698630132, -4.882583170254403, -4.471624266144814) 11.558759350943914
100010001000111110111101101 (0.34246575342465757, -3.786692759295499, 4.647749510763209) 11.911820119212148
100101001010100101100011111 (0.812133072407045, -1.7710371819960864, 0.6164383561643829) 12.474753303173733
001101000010100001100111011 (-2.964774951076321, -1.849315068493151, 1.1643835616438354) 15.974093245852773
GA: 39
100100000011100011000011111 (0.6360078277886494, -0.5577299412915853, -4.39334637964775) 9.051610835341618
111100010010011111101111111 (4.432485322896282, -1.888454011741683, 2.4951076320939327) 9.263523023723728
100101001010100001100010111 (0.812133072407045, -1.849315068493151, 0.45988258317025377) 9.567733208630113
100010001000111110111101110 (0.34246575342465757, -3.786692759295499, 4.667318982387474) 10.317424353816698
111100000010010111101111111 (4.393346379647749, -2.045009784735812, 2.4951076320939327) 11.162222431445178
100101001010101010000010111 (0.812133072407045, -1.6731898238747558, -4.549902152641879) 11.692166347054435
100101001010110101100000111 (0.812133072407045, -1.457925636007828, 0.14677103718199547) 11.812371873390825
101010011010100101000001011 (1.6340508806262228, -1.7710371819960864, -4.784735812133072) 12.301071556975172
100100010010100101110011111 (0.6751467710371815, -1.7710371819960864, 3.12133072407045) 12.668124202373559
101101001010100101101011111 (2.064579256360078, -1.7710371819960864, 1.8688845401174161) 13.01531658721654
GA: 40
000101001010100000000010111 (-4.197651663405088, -1.868884540117417, -4.549902152641879) 8.176199004288083
110010000011100011100001110 (2.8277886497064575, -0.5577299412915853, 0.28375733855185903) 9.264129497738608
100100001010111110110111111 (0.6555772994129159, -1.2818003913894325, 3.747553816046967) 10.053330869561616
000100001011100011000110111 (-4.354207436399217, -0.5577299412915853, -3.923679060665362) 10.530402156931885
100101001010110001100010110 (0.812133072407045, -1.5362035225048927, 0.4403131115459882) 11.278358490434352
101101101011101111101011101 (2.1428571428571423, -0.322896281800392, 1.829745596868884) 11.603219108455027
100101101110001010011011111 (0.8904109589041092, 2.7103718199608604, -0.6360078277886503) 12.317071935740731
100101001011101010101010110 (0.812133072407045, -0.4207436399217226, 1.6927592954990214) 12.510570471764016
111010001001111110111101101 (4.099804305283756, -2.5342465753424657, 4.647749510763209) 12.881499606428664
100010000010011111111111110 (0.3228962818003911, -1.888454011741683, 4.980430528375733) 30.996796570364396
GA: 41
101101011010011100011101110 (2.1037181996086103, -1.9471624266144816, -0.34246575342465757) 9.314464337710582
111010100001111000111100101 (4.158512720156555, -2.6516634050880628, 4.4911937377690805) 9.433590371642547
111000001001100000100010101 (3.786692759295498, -3.12133072407045, 0.4207436399217217) 10.564529605971085
111010011001000011100101101 (4.138943248532289, -3.6888454011741683, 0.8904109589041092) 10.576565179017374
100110011011101010101010010 (1.0078277886497062, -0.4207436399217226, 1.6144814090019564) 11.24777820058303
111010001001111110011101100 (4.099804305283756, -2.5342465753424657, -0.38160469667318964) 11.277037907975739
100111001010110001100010110 (1.1252446183953033, -1.5362035225048927, 0.4403131115459882) 11.410960429807453
100111111000110001100010110 (1.2426614481408995, -4.041095890410959, 0.4403131115459882) 11.430280047750081
110010010000111010110001110 (2.8669275929549896, -3.864970645792564, 2.7886497064579254) 11.458395212752414
111010001011111110111101100 (4.099804305283756, -0.02935420743639927, 4.628180039138943) 18.83508218643468
GA: 42
100111111000011000011101110 (1.2426614481408995, -4.5303326810176126, -0.34246575342465757) 7.310620275577339
111010111000110001100000110 (4.217221135029353, -4.041095890410959, 0.12720156555772988) 8.433566621375613
110000100001111000111100101 (2.5929549902152633, -2.6516634050880628, 4.4911937377690805) 8.604124943938052
101010000001100000110010101 (1.5753424657534243, -3.12133072407045, 2.925636007827788) 8.62786713280999
101100010010011101100000010 (1.9275929549902147, -1.9275929549902155, 0.04892367906066486) 9.868698805307643
111011011110011100011101101 (4.2954990215264175, 3.0626223091976517, -0.36203522504892405) 9.870079603876581
101101011001000011100101110 (2.1037181996086103, -3.6888454011741683, 0.9099804305283756) 10.314933394997851
110001011011100000100010001 (2.729941291585127, -0.6164383561643838, 0.34246575342465757) 10.878013497407286
100111111000111101110010110 (1.2426614481408995, -3.8062622309197653, 2.9452054794520546) 12.060704069194502
100111100001111001111110101 (1.1839530332681019, -2.6320939334637967, 4.804305283757339) 12.631785351214692
GA: 43
101111111000011100100100011 (2.4951076320939327, -4.4520547945205475, 0.6947162426614479) 9.035988356839756
101101011001010010111000101 (2.1037181996086103, -3.3953033268101764, 3.864970645792564) 9.437141393066186
101101011000111101110000110 (2.1037181996086103, -3.8062622309197653, 2.6320939334637963) 9.442493432836102
100111011000111111010010110 (1.1643835616438354, -3.767123287671233, -2.064579256360078) 10.490315489648907
110010100001111001100100110 (2.9060665362035216, -2.6320939334637967, 0.7534246575342465) 10.768330888425163
100111111001010010100101010 (1.2426614481408995, -3.3953033268101764, 0.8317025440313106) 10.81510838585795
110101111110011100011101110 (3.4344422700587085, 3.0626223091976517, -0.34246575342465757) 11.989654534303714
101100010010001000111101110 (1.9275929549902147, -2.3385518590998045, 4.667318982387474) 12.145827503303648
100111111000001000111101111 (1.2426614481408995, -4.843444227005871, 4.686888454011742) 16.85897485474145
111111011000000000111101101 (4.921722113502934, -5.0, 4.647749510763209) 25.703455802977178
GA: 44
101100111000111101110000110 (2.0254403131115453, -3.8062622309197653, 2.6320939334637963) 9.262594303837057
100111011000101101111000010 (1.1643835616438354, -4.119373776908024, 3.8062622309197653) 9.962367608512357
110001011001111001111100110 (2.729941291585127, -2.6320939334637967, 4.510763209393346) 11.56584843678291
110111101001111011100101110 (3.708414872798434, -2.592954990215264, 0.9099804305283756) 11.812374520458754
101010100101010010100100010 (1.6536203522504884, 1.6144814090019564, 0.6751467710371815) 12.149418378955762
000111111001010011100101010 (-3.767123287671233, -3.37573385518591, 0.8317025440313106) 12.378239337034305
001101111001010011100001010 (-2.827788649706458, -3.37573385518591, 0.205479452054794) 12.408726224177348
101110010000000100110010111 (2.240704500978473, -4.921722113502936, 2.96477495107632) 14.412175925730077
100111101000001000111101111 (1.2035225048923675, -4.843444227005871, 4.686888454011742) 17.839649076014037
111111011000111101111101101 (4.921722113502934, -3.8062622309197653, 4.647749510763209) 31.886446883334802
GA: 45
110001011001010011100110110 (2.729941291585127, -3.37573385518591, 1.0665362035225048) 9.31235033974247
101100111000101011100101000 (2.0254403131115453, -4.158512720156556, 0.7925636007827785) 9.3981046236865
101010101001010011000100010 (1.673189823874755, -3.37573385518591, -4.334637964774951) 9.94253810044303
101100111001010110100000010 (2.0254403131115453, -3.3170254403131114, 0.04892367906066486) 10.024593844840659
000111111000011001110111010 (-3.767123287671233, -4.510763209393346, 3.6497064579256353) 10.166416320037955
000111111001010100100000100 (-3.767123287671233, -3.356164383561644, 0.08806262230919693) 10.296341754847422
000110110101011011100101010 (-3.943248532289628, 1.790606653620352, 0.8317025440313106) 11.664590117482458
000111110101110111110101010 (-3.786692759295499, 2.3385518590998036, 3.336594911937377) 12.231959612503738
101101111001010010100100000 (2.1819960861056744, -3.3953033268101764, 0.6360078277886494) 12.682332069972741
101010100100111101110001110 (1.6536203522504884, 1.2035225048923675, 2.7886497064579254) 15.131737566825157
GA: 46
101100111000101010110001000 (2.0254403131115453, -4.178082191780822, 2.6712328767123283) 9.7996458096825
110001011001010011100110010 (2.729941291585127, -3.37573385518591, 0.9882583170254398) 10.185244111785005
011100111001011001110111010 (-0.47945205479452113, -3.2583170254403133, 3.6497064579256353) 10.525975143665855
000110110101011011000101010 (-3.943248532289628, 1.790606653620352, -4.178082191780822) 10.762635984629341
101011101001010011100100010 (1.829745596868884, -3.37573385518591, 0.6751467710371815) 11.084832247935145
110111011000001110100000011 (3.669275929549901, -4.726027397260274, 0.06849315068493134) 11.46802818799264
000111111100111001110111010 (-3.767123287671233, 1.1252446183953033, 3.6497064579256353) 11.498585474643257
000110010000010011100111010 (-4.021526418786693, -4.628180039138943, 1.144814090019569) 11.651665180505333
110001010101011010110110110 (2.7103718199608604, 1.7710371819960855, 3.571428571428571) 11.87857325298273
110001011001010011100110101 (2.729941291585127, -3.37573385518591, 1.0469667318982383) 13.228046028973841
GA: 47
100111010100011010110111010 (1.144814090019569, 0.5185909980430523, 3.6497064579256353) 10.030734822784906
100100111100111001010100110 (0.7729941291585121, 1.1252446183953033, -1.75146771037182) 10.283241700154944
100111011000001111100000011 (1.1643835616438354, -4.706457925636008, 0.06849315068493134) 10.630828614836036
110101101001111110100000001 (3.3953033268101755, -2.5342465753424657, 0.02935420743639927) 11.203535869891931
110001010001010011110110110 (2.7103718199608604, -3.37573385518591, 3.571428571428571) 11.367735866655238
100111011100001110100000011 (1.1643835616438354, 0.28375733855185903, 0.06849315068493134) 11.747326957457137
101010101101001010100100110 (1.673189823874755, 1.4579256360078272, 0.7534246575342465) 11.833234073832458
010111110101011011000101010 (-1.2818003913894325, 1.790606653620352, -4.178082191780822) 12.30384791404701
110101011000001011100000011 (3.3561643835616426, -4.784735812133072, 0.06849315068493134) 12.850080669256034
111011011000000011000100010 (4.2954990215264175, -4.9412915851272015, -4.334637964774951) 21.252306895413444
GA: 48
100111011000001111100000001 (1.1643835616438354, -4.706457925636008, 0.02935420743639927) 8.861769978343006
111001011001010010100010110 (3.982387475538159, -3.3953033268101764, 0.4403131115459882) 9.532428612571097
100101111000011111100000010 (0.9295499021526412, -4.39334637964775, 0.04892367906066486) 9.752870221166681
110111001001111110100010001 (3.6301369863013697, -2.5342465753424657, 0.34246575342465757) 10.20354231748413
101100111000001111100001110 (2.0254403131115453, -4.706457925636008, 0.28375733855185903) 10.536809942322508
000111001100111111010100011 (-3.88454011741683, 1.2426614481408995, -1.8101761252446185) 10.561915740377081
111101100001010011110000000 (4.628180039138943, -3.37573385518591, 2.514677103718199) 10.66256873072085
100111011100001111110110011 (1.1643835616438354, 0.3033268101761246, 3.5127201565557726) 10.984662239868207
111101101010101001100010011 (4.647749510763209, -1.6927592954990218, 0.38160469667318964) 11.856723556840612
110001010001111110101111110 (2.7103718199608604, -2.5342465753424657, 2.475538160469667) 13.83780812557631
GA: 49
110101011001010000100010001 (3.3561643835616426, -3.4344422700587085, 0.34246575342465757) 7.963698807618462
110111001001010010100010001 (3.6301369863013697, -3.3953033268101764, 0.34246575342465757) 10.178953261369145
111001111000011111110010110 (4.060665362035225, -4.39334637964775, 2.9452054794520546) 10.297913585285364
111001011001010110100010110 (3.982387475538159, -3.3170254403131114, 0.4403131115459882) 10.450459379329027
111001001000100110001010110 (3.943248532289628, -4.256360078277886, -3.3170254403131114) 10.51757177153726
111011011001010111100011110 (4.2954990215264175, -3.2974559686888454, 0.5968688845401173) 10.71552832069341
100000011001010110100000010 (0.06849315068493134, -3.3170254403131114, 0.04892367906066486) 11.350642377630546
110001011001111110100010110 (2.729941291585127, -2.5342465753424657, 0.4403131115459882) 11.532212977655384
100101110001010010100000010 (0.9099804305283756, -3.3953033268101764, 0.04892367906066486) 11.846980494773039
111001011000011111100010110 (3.982387475538159, -4.39334637964775, 0.4403131115459882) 11.968427785256537
Time: 4167.5663940906525
110111011001010110100110001 (3.669275929549901, -3.3170254403131114, 0.9686888454011742) 9.023154202301326
111001011001000010100000000 (3.982387475538159, -3.7084148727984347, 0.009784735812132794) 9.405897564780666
100101011001010000100010111 (0.8512720156555771, -3.4344422700587085, 0.45988258317025377) 9.439756775640657
111011011000110111100010011 (4.2954990215264175, -3.923679060665362, 0.38160469667318964) 9.461734430921434
111101001000111000100010001 (4.569471624266145, -3.904109589041096, 0.34246575342465757) 9.780962723911372
110101001001010001100010001 (3.3170254403131114, -3.4148727984344425, 0.34246575342465757) 10.648491521116028
110101011101010000100010001 (3.3561643835616426, 1.5753424657534243, 0.34246575342465757) 10.77836934609395
111001011001110011000011110 (3.982387475538159, -2.7495107632093934, -4.4129158512720155) 10.811314043020127
100101001001010000100110001 (0.812133072407045, -3.4344422700587085, 0.9686888454011742) 11.425805473803692
110101011001110000000010001 (3.3561643835616426, -2.808219178082192, -4.667318982387475) 11.974483767096254
