Inicializando GA
GA: 0
001110010110010010110100000 (-2.76908023483366, 2.8669275929549896, 3.140900195694716) 24.873956276057015
111100110011010111101100101 (4.510763209393346, -0.7925636007827794, 1.9863013698630132) 25.464331858904956
010111101111000111111010000 (-1.301369863013699, 3.904109589041095, 4.080234833659491) 30.84370626225629
100001011001011010110000000 (0.2250489236790605, -3.2387475538160473, 2.514677103718199) 51.582630233124036
010111000100000101000000000 (-1.3992172211350296, 0.1076320939334634, -5.0) 65.19779956305203
100100010011000001010001001 (0.6751467710371815, -1.2230919765166344, -2.3189823874755384) 73.11307801457914
001010000010100001101010000 (-3.4344422700587085, -1.849315068493151, 1.5753424657534243) 75.12922276323273
000100111110010000001111110 (-4.236790606653621, 2.8277886497064575, -2.5342465753424657) 89.42717078145553
000010100110101101100010110 (-4.608610567514678, 3.3953033268101755, 0.4403131115459882) 93.95337619258747
000110100010001001001001101 (-3.9823874755381605, -2.3189823874755384, -3.493150684931507) 103.27025775867382
GA: 1
110110000010100001101010000 (3.454011741682974, -1.849315068493151, 1.5753424657534243) 25.246373403930704
100000011001111010110000000 (0.06849315068493134, -2.6125244618395307, 2.514677103718199) 28.161193721191324
001110110001010111101100010 (-2.690802348336595, -3.2974559686888454, 1.9275929549902147) 43.21638823889958
001010011110010010110100001 (-3.37573385518591, 2.8669275929549896, 3.1604696673189814) 45.768030892491
111110110111000000110100101 (4.823874755381604, 3.7671232876712324, 3.2387475538160473) 52.732714019791246
011101110011010111100000000 (-0.34246575342465757, -0.7925636007827794, 0.009784735812132794) 61.40125808209541
110001011000011011111100101 (2.729941291585127, -4.471624266144814, 4.4911937377690805) 82.81918904734921
000011111111000101111010100 (-4.39334637964775, 3.864970645792564, 4.158512720156555) 85.00548055686063
010111101111000110110010001 (-1.301369863013699, 3.8845401174168295, 2.847358121330724) 89.54609320173061
101111010110000010000100000 (2.397260273972602, 2.5538160469667313, -4.373776908023483) 129.52421297850242
GA: 2
111101110011110111100010000 (4.667318982387474, -0.16634050880626283, 0.3228962818003911) 20.051890170842086
010111111011000001101010010 (-1.2622309197651664, -1.2230919765166344, 1.6144814090019564) 37.23588817510512
010110000011100111110010001 (-1.5557729941291587, -0.47945205479452113, 2.847358121330724) 38.87617672567367
011101110011010111110000000 (-0.34246575342465757, -0.7925636007827794, 2.514677103718199) 38.9891507145563
001010011110110010101100001 (-3.37573385518591, 3.493150684931507, 1.908023483365949) 40.966220212540435
011101010011010101100100000 (-0.4207436399217226, -0.8317025440313115, 0.6360078277886494) 59.48126914930876
111111110001010111101010000 (4.980430528375733, -3.2974559686888454, 1.5753424657534243) 63.459507451673176
001111110001110111100001110 (-2.5342465753424657, -2.671232876712329, 0.28375733855185903) 82.51996307916211
010110000110000000101000000 (-1.5557729941291587, 2.514677103718199, 1.262230919765166) 95.13141343365818
110100000000100000000001000 (3.140900195694716, -4.373776908023483, -4.843444227005871) 146.3406345405208
GA: 3
111111110001010011101010000 (4.980430528375733, -3.37573385518591, 1.5753424657534243) 23.270064900564165
011001010011010101100110001 (-1.0469667318982392, -0.8317025440313115, 0.9686888454011742) 47.22147414415082
001010111110000010101100001 (-3.2974559686888454, 2.5538160469667313, 1.908023483365949) 57.96847028659363
111111110001010111101000000 (4.980430528375733, -3.2974559686888454, 1.262230919765166) 62.31492550953368
010110000110110001101000000 (-1.5557729941291587, 3.4735812133072397, 1.262230919765166) 67.45333992104534
111111110001010111101010000 (4.980430528375733, -3.2974559686888454, 1.5753424657534243) 68.39290013482494
010010010011011110110000010 (-2.1428571428571432, -0.6555772994129159, 2.5538160469667313) 73.77675280718579
010110000011100111110000000 (-1.5557729941291587, -0.47945205479452113, 2.514677103718199) 79.8957086295905
011101100110100001101001000 (-0.38160469667318964, 3.1604696673189814, 1.4187866927592951) 119.61954281256831
111111110000010111001010000 (4.980430528375733, -4.549902152641879, -3.4344422700587085) 172.58045305205695
GA: 4
010110010111011110110000010 (-1.5166340508806266, 4.354207436399216, 2.5538160469667313) 42.78315944111591
011100110011000101101001000 (-0.4990215264187867, -1.1448140900195698, 1.4187866927592951) 47.306230518566935
011010000110100001101001001 (-0.9295499021526421, 3.1604696673189814, 1.4383561643835616) 50.77317121673133
011010110011110001101000000 (-0.812133072407045, -0.28375733855185903, 1.262230919765166) 51.49969178020061
011101111110000001101001000 (-0.322896281800392, 2.5342465753424657, 1.4187866927592951) 52.32206984114117
011001010111011110110000000 (-1.0469667318982392, 4.354207436399216, 2.514677103718199) 52.732678481329
011101101011011110110001010 (-0.36203522504892405, -0.6555772994129159, 2.7103718199608604) 57.88789126408301
011101010110100001110110001 (-0.4207436399217226, 3.1604696673189814, 3.4735812133072397) 60.692213725167676
010010010011010101100110011 (-2.1428571428571432, -0.8317025440313115, 1.0078277886497062) 74.91761139452832
011010110110100010101110001 (-0.812133072407045, 3.1800391389432487, 2.2211350293542074) 76.6126439169378
GA: 5
111101010110100001110110101 (4.58904109589041, 3.1604696673189814, 3.5518590998043056) 40.79324064484342
011010100110100001101001001 (-0.851272015655578, 3.1604696673189814, 1.4383561643835616) 50.0168649207136
011011010111011111110110100 (-0.7338551859099809, 4.373776908023483, 3.532289628180038) 52.732714019791246
011000000111100001101001001 (-1.2426614481409004, 4.412915851272015, 1.4383561643835616) 60.71028514198099
010010000110100011101001001 (-2.1819960861056753, 3.1996086105675143, 1.4383561643835616) 66.75311929054018
011101010111100001110000000 (-0.4207436399217226, 4.412915851272015, 2.514677103718199) 69.64688780018602
010100010111011011110000010 (-1.829745596868885, 4.2954990215264175, 2.5538160469667313) 70.64181515540679
011010111011110001101001010 (-0.7925636007827794, -0.28375733855185903, 1.4579256360078272) 74.25587625340785
011111110100101001110110001 (-0.02935420743639927, 0.812133072407045, 3.4735812133072397) 82.58128852834736
011101101011001110010010001 (-0.36203522504892405, -0.9686888454011742, -2.1624266144814093) 88.40243738601103
GA: 6
001000100111101001111001011 (-3.6692759295499022, 4.569471624266145, 3.982387475538159) 20.894105076661333
111101101111001111100110101 (4.647749510763209, 4.060665362035225, 1.0469667318982383) 28.021269637897205
011011100110100000101101001 (-0.6947162426614479, 3.140900195694716, 2.064579256360078) 47.772434095816976
011010100110100001100001000 (-0.851272015655578, 3.1604696673189814, 0.16634050880626194) 52.47696265296841
011011010101001111110100100 (-0.7338551859099809, 1.5557729941291578, 3.21917808219178) 53.72777798691362
011101010101100001010010001 (-0.4207436399217226, 1.908023483365949, -2.1624266144814093) 57.33123499000436
011010111011110101100011001 (-0.7925636007827794, -0.2054794520547949, 0.4990215264187867) 67.63731725992463
011000000111100001100001001 (-1.2426614481409004, 4.412915851272015, 0.18590998043052842) 88.60733819913492
011101101011001110010010001 (-0.36203522504892405, -0.9686888454011742, -2.1624266144814093) 138.1584399788918
011010000111111001111101001 (-0.9295499021526421, 4.882583170254403, 4.569471624266145) 281.6402565873036
GA: 7
011010111011110111111100001 (-0.7925636007827794, -0.16634050880626283, 4.412915851272015) 16.91429389537609
011011010001000111110100101 (-0.7338551859099809, -3.6105675146771037, 3.2387475538160473) 33.28782198131751
111010100111100001100101000 (4.158512720156555, 4.412915851272015, 0.7925636007827785) 45.2582739158791
011011010101011110110100101 (-0.7338551859099809, 1.8493150684931505, 3.2387475538160473) 45.76796508163153
111001010001000111110100100 (3.9628180039138936, -3.6105675146771037, 3.21917808219178) 47.34351452410513
011011001101001110110100100 (-0.7534246575342465, 1.5362035225048922, 3.21917808219178) 64.67214829920556
011000000010101001100001001 (-1.2426614481409004, -1.6927592954990218, 0.18590998043052842) 71.89046707759181
011010010101001101100001100 (-0.89041095890411, 1.5166340508806258, 0.24461839530332696) 90.41740637899773
011011010001001111100100110 (-0.7338551859099809, -3.4540117416829745, 0.7534246575342465) 101.74744438892921
111101001110001011000110101 (4.569471624266145, 2.729941291585127, -3.9628180039138945) 106.19397934369046
GA: 8
011011010000011110111100111 (-0.7338551859099809, -4.4129158512720155, 4.530332681017612) 23.270535916559197
011010010011110111111100000 (-0.89041095890411, -0.16634050880626283, 4.393346379647749) 35.81847059574639
011011111001000111110100001 (-0.6360078277886503, -3.6105675146771037, 3.1604696673189814) 36.66320819987044
011010110101001101100001100 (-0.812133072407045, 1.5166340508806258, 0.24461839530332696) 41.340290017510796
011011010001110111111000001 (-0.7338551859099809, -2.671232876712329, 3.786692759295498) 55.717627613816376
011010111010111110110100001 (-0.7925636007827794, -1.2818003913894325, 3.1604696673189814) 58.70240241669288
011011100111000111100101101 (-0.6947162426614479, 3.904109589041095, 0.8904109589041092) 82.49836657073735
011010111010010111110100001 (-0.7925636007827794, -2.045009784735812, 3.1604696673189814) 87.5703360343889
011000010010101000010001101 (-1.2035225048923683, -1.7123287671232879, -2.240704500978474) 102.73067023749311
111010010000001001100101000 (4.119373776908024, -4.823874755381604, 0.7925636007827785) 203.873466333139
GA: 9
011011011010111110111100111 (-0.7142857142857144, -1.2818003913894325, 4.530332681017612) 37.83681705032012
111010110101001101100001100 (4.197651663405088, 1.5166340508806258, 0.24461839530332696) 41.16142058782569
011101100111000111000001101 (-0.38160469667318964, 3.904109589041095, -4.74559686888454) 61.80025842193925
011010110101001100100011110 (-0.812133072407045, 1.4970645792563602, 0.5968688845401173) 64.03268954220871
001011100011000110110000001 (-3.1996086105675148, -1.1252446183953033, 2.5342465753424657) 73.88573075190746
010000111010011110110101001 (-2.3581213307240705, -1.908023483365949, 3.3170254403131114) 75.0377167316075
110010110111000101100000100 (2.9452054794520546, 3.864970645792564, 0.08806262230919693) 75.64292046302813
001000100000011110110100001 (-3.6692759295499022, -4.4129158512720155, 3.1604696673189814) 79.49136174621071
110010110000011100111001111 (2.9452054794520546, -4.4520547945205475, 4.060665362035225) 84.95882452708342
011110111000111011001101101 (-0.16634050880626283, -3.8454011741682974, -2.8669275929549904) 136.46568223051787
Time: 858.6762692928314
011011011010111010111100001 (-0.7142857142857144, -1.3600782778864975, 4.412915851272015) 29.84872632702826
110000011011000110110001001 (2.5733855185909977, -1.1252446183953033, 2.690802348336595) 32.86374329371958
001000110000111110110100111 (-3.6301369863013697, -3.786692759295499, 3.2778864970645785) 42.7631361304405
001011100011000110110000001 (-3.1996086105675148, -1.1252446183953033, 2.5342465753424657) 54.782151835690684
010000110010011110100101001 (-2.3776908023483365, -1.908023483365949, 0.812133072407045) 78.55419259124909
010100111010011110110101011 (-1.7318982387475539, -1.908023483365949, 3.3561643835616426) 81.5873419620875
001010000110011110010000101 (-3.4344422700587085, 3.101761252446183, -2.397260273972603) 90.2448702998727
011001101111001100011100001 (-0.9882583170254406, 4.001956947162427, -0.5968688845401173) 92.5389297826109
110001101000011100101001111 (2.769080234833659, -4.4520547945205475, 1.5557729941291578) 134.14826137905263
001110100000000110110010001 (-2.7299412915851273, -4.882583170254403, 2.847358121330724) 150.16858837681843
